52.8720141594562
124.78235064662
113.392193878526
209.316333257179
4.45745487965069
201.071420745987
137.901497599198
11.5964904548668
131.031863401398
113.634101477801
125.298057144166
168.271819236666
128.869411211907
189.174225414018
240.681659064828
203.827901316252
111.620236357311
23.029747497853
238.059849293876
96.4859568847854
193.525193938812
204.967319835958
205.080251358468
151.92736306306
82.8716807806817
190.828719468944
121.500306023427
131.475605184162
122.42413379557
108.12429432858
44.8844828744412
71.5419325264095
223.806167706295
222.833147027347
124.844608821137
154.601815760812
183.010264116401
35.7059921371563
148.678650467642
49.72501427457
16.1511181802244
16.294926142318
239.665865246948
132.647017299159
38.2795838811125
164.881029728515
148.864450423194
79.6451116076382
171.396757960471
101.249333577105
55.9765193112141
61.4092987725045
98.5258404427286
8.54281979993375
88.4143085575896
140.770713861956
142.40221007547
17.0377625867366
148.394635529741
121.343716086796
168.79346479795
200.454883469882
48.4570913069123
245.184682233648
136.440642525091
233.201965260229
164.644306574447
39.134698988965
13.3064106833981
3.83794838542023
50.07245862239
134.566632705151
37.6563455000381
18.6490925552669
141.483957104829
250.227094595198
41.5295872099793
39.9325319606621
41.7360085448196
20.0148507385996
183.192187201458
113.797649391511
130.080409683626
154.311617763947
225.18321788396
31.0884648296392
74.0150906844727
15.8972224009962
36.6009397434631
17.3311663529154
47.1970902773774
196.01272680705
228.907664867707
132.159290786753
215.381145141765
58.3329268944322
109.235127249252
93.9142414098071
177.492195462706
240.817074034452
55.5609938818895
192.015968206789
132.558817569306
193.819002038174
224.621723267847
60.5569337404504
239.621875219306
6.92376330595333
143.186133255183
227.065332983832
42.582747210257
108.436907090143
83.3585082094903
144.735695200061
210.881724757134
99.8787869419448
158.444452060885
246.113745260314
211.26001101136
207.417577549267
243.54910935314
46.6955314020574
170.959220358836
187.577106527489
208.985600647773
173.659592066562
84.1649909296212
8.846513185905
30.6481876403994
72.3469405412236
213.750173631994
229.844929354284
