199.28827608386
216.412847454958
114.97373197362
154.357943272086
90.3898603706409
193.569341371249
150.307418575735
155.95033917729
215.008516459679
116.531915513122
225.111376692284
125.861025680004
158.826915417559
143.352101589771
184.02352360554
139.426326381538
200.032560343413
113.819917066622
232.536531538169
22.0796975432215
254.729025674269
185.533178743724
142.393701666469
36.4201537181216
213.597417382209
184.938072592085
106.431820845198
69.6585247122084
80.2504325866979
148.332490166666
175.786357880879
220.286246743721
53.7689752181904
129.22166286734
108.387683451015
61.1235206994815
193.16842880006
201.937536521046
98.3993726198148
81.1038649669271
122.63591348123
71.0190090328189
40.2992246533495
100.829043075113
72.7912921545974
61.9779138713991
163.842512456695
244.015552651835
47.5155599206789
231.926813197067
145.028813169768
49.3467004540529
179.580802473761
166.1527615848
84.6337165128733
133.000011002384
6.314676872321
5.6795950078633
203.623705494538
27.4921259596925
175.645796417516
197.631550940371
201.830955196173
180.914604946413
241.367163993173
75.9950501811749
253.934382967741
141.384051973355
167.302564672191
241.063940886868
57.2824937546171
250.287114747068
43.5085045137242
239.970346424254
244.024804689864
44.6287557450732
13.8490025245409
68.393154624186
139.232475801666
197.672552416499
153.958653770936
80.6045301578279
110.504902791358
214.908666533234
159.663844525938
69.4997527215497
131.206277542516
226.542128748379
44.4454646323489
209.11742283396
46.2039291576557
24.8022365010134
7.98527556836243
2.59484403102142
246.698949268971
226.449573718842
12.6697686347728
170.902767284699
249.038438016119
56.167861192874
21.4349429641478
91.5105588481859
186.961711178214
153.546776636445
115.099556469663
232.764929550857
0.810202507268843
130.070330107234
36.8375345919067
128.685723997612
144.894752091015
163.753406736684
52.7681248086491
86.7477251161051
83.5059361760202
156.816038949124
150.753382571091
175.420646087599
42.4416406906554
166.318005805742
196.002603942516
100.920424689095
101.047361416429
176.490657884682
60.6066139649348
241.965091494176
34.6168497328513
130.436448584136
10.5648431503134
79.6644453122872
82.0513664954203
241.822186035484
