79.9444699352514
194.345798496056
243.404223379061
164.700363774454
123.756487252034
111.736376856011
47.5274251309722
112.999245261275
124.470549095663
219.588522409494
182.696247922532
158.184831951755
22.8922766768124
28.4991749510828
146.775267593558
117.722653347538
139.089580584938
9.69312579927378
147.717976010694
160.389358050386
122.891481703016
40.9343808724467
192.366614330647
202.34146806482
74.2991603789133
129.440117192502
60.6880723481634
49.1345789049895
206.217757634889
17.0016876132958
49.9449279786033
248.569376966393
146.648061834534
148.719467120018
242.255520883113
25.5099974155843
224.07712222995
227.319907245635
54.5793776418131
42.5728870895201
164.76200033994
45.987604966744
29.7202498631752
93.1601819022242
102.605645511895
22.9015214235451
174.36085921253
139.458032818643
251.419485251448
54.2511412049126
234.342585697307
169.616222912742
189.586961043972
96.5066401168588
121.06592410438
27.0967385183354
225.364952243161
113.501324319524
170.398226153888
185.695029728671
72.8390401801918
151.390120147497
94.4852123623781
202.88759511501
18.7512950565919
253.148095980151
197.887490837159
1.87946665536423
226.68184646892
220.351868426501
177.88640415491
225.672981174314
118.739359463263
94.7474049022709
21.1705089640636
254.290732073816
221.806613929712
0.0179164659957759
173.394064222212
166.994416619353
105.012325715082
121.473934378732
99.009106522124
115.27454707673
6.8237590194972
108.448028515334
26.9803492684328
10.9933725025855
141.811162926598
155.878196686185
188.402224773885
65.5144152555847
185.196028991693
181.879497996066
128.459953057561
227.6562432252
198.74322719049
126.189341975293
194.184326776443
170.096399648042
249.418613676187
29.8530651355467
221.677430041436
144.803079235097
30.638571612296
247.434001793058
214.191494147888
15.8907448199886
70.9085018852315
104.455646420593
159.836235475146
234.371289048292
105.863681084658
181.432540908088
247.573061756965
111.045366062536
162.022395642685
229.896537256439
222.253840784648
36.3925622487173
51.1523758980445
158.33663977925
197.632442843566
62.9368087241859
94.2103135982983
86.9798510283254
116.379323130844
43.5600457275957
190.129520881309
24.9843693877666
227.01870030952
20.9340125429242
